0,0.000000,-0.070313
11,0.000000,-0.070313
21,0.000000,-0.070313
20,0.000000,-0.078125
20,0.000000,-0.078125
20,0.000000,-0.078125
20,0.000000,-0.078125
19,0.000000,-0.078125
20,0.000000,-0.078125
20,0.000000,-0.078125
20,0.000000,-0.078125
21,0.000000,-0.078125
19,0.000000,-0.078125
21,0.000000,-0.078125
19,0.000000,-0.070313
20,0.000000,-0.078125
20,0.000000,-0.078125
20,-0.179688,-0.078125
21,-0.226563,-0.070313
19,-0.242188,-0.078125
20,-0.257813,-0.078125
20,-0.289063,-0.078125
20,-0.343750,-0.070313
21,-0.375000,-0.078125
19,-0.375000,-0.078125
20,-0.382813,-0.070313
20,-0.390625,-0.070313
21,-0.390625,-0.070313
19,-0.445313,-0.078125
20,-0.484375,-0.070313
21,-0.523438,-0.070313
20,-0.531250,-0.078125
19,-0.531250,-0.078125
21,-0.531250,-0.078125
19,-0.546875,-0.070313
20,-0.546875,-0.070313
20,-0.546875,-0.070313
20,-0.546875,-0.070313
21,-0.546875,-0.070313
19,-0.554688,-0.078125
22,-0.578125,-0.070313
19,-0.601563,-0.054688
20,-0.609375,-0.039063
19,-0.609375,-0.039063
20,-0.625000,-0.007813
21,-0.625000,0.015748
19,-0.632813,0.031496
20,-0.632813,0.031496
21,-0.632813,0.031496
19,-0.640625,0.047244
20,-0.640625,0.047244
20,-0.648438,0.062992
20,-0.648438,0.086614
21,-0.656250,0.102362
19,-0.679688,0.181102
20,-0.695313,0.212598
20,-0.695313,0.220472
21,-0.695313,0.236220
19,-0.703125,0.267717
21,-0.695313,0.346457
19,-0.695313,0.377953
21,-0.703125,0.393701
19,-0.695313,0.480315
20,-0.703125,0.496063
21,-0.703125,0.527559
19,-0.703125,0.551181
21,-0.703125,0.559055
19,-0.703125,0.574803
20,-0.703125,0.590551
21,-0.703125,0.606299
19,-0.703125,0.606299
20,-0.703125,0.606299
20,-0.703125,0.606299
20,-0.703125,0.606299
21,-0.710938,0.614173
19,-0.710938,0.629921
21,-0.710938,0.645669
19,-0.710938,0.661417
21,-0.710938,0.661417
20,-0.710938,0.692913
19,-0.703125,0.700787
20,-0.703125,0.700787
20,-0.703125,0.700787
20,-0.703125,0.700787
20,-0.710938,0.700787
20,-0.710938,0.700787
20,-0.710938,0.480315
20,-0.710938,0.220472
20,-0.703125,-0.023438
20,-0.703125,-0.023438
21,-0.703125,-0.023438
20,-0.710938,-0.023438
19,-0.718750,0.055118
22,-0.718750,0.165354
18,-0.718750,0.385827
20,-0.718750,0.614173
21,-0.718750,0.803150
19,-0.718750,0.897638
20,-0.718750,0.960630
21,-0.718750,0.968504
19,-0.718750,0.968504
20,-0.718750,0.968504
20,-0.718750,0.944882
21,-0.718750,0.881890
19,-0.718750,0.795276
20,-0.718750,0.645669
21,-0.710938,0.472441
19,-0.718750,0.062992
20,-0.718750,0.031496
20,-0.718750,0.031496
21,-0.718750,0.031496
19,-0.718750,0.047244
20,-0.718750,0.110236
21,-0.718750,0.212598
20,-0.718750,0.314961
19,-0.718750,0.393701
20,-0.718750,0.519685
20,-0.718750,0.629921
20,-0.718750,0.661417
20,-0.718750,0.661417
20,-0.718750,0.614173
21,-0.718750,0.362205
20,-0.718750,0.047244
19,-0.718750,-0.007813
20,-0.718750,-0.007813
21,-0.718750,0.007874
19,-0.718750,0.031496
20,-0.718750,0.086614
21,-0.718750,0.196850
19,-0.718750,0.488189
20,-0.718750,0.795276
20,-0.726563,0.984252
20,-0.726563,1.000000
20,-0.726563,1.000000
21,-0.726563,1.000000
20,-0.726563,1.000000
19,-0.726563,0.992126
20,-0.726563,0.937008
20,-0.726563,0.771654
20,-0.726563,0.370079
20,-0.726563,-0.046875
20,-0.726563,-0.054688
20,-0.726563,-0.054688
20,-0.726563,-0.171875
20,-0.726563,-0.289063
21,-0.726563,-0.289063
20,-0.726563,-0.687500
19,-0.726563,-0.867188
20,-0.726563,-0.992188
20,-0.726563,-0.992188
20,-0.726563,-0.992188
21,-0.726563,-0.992188
19,-0.726563,-0.992188
20,-0.726563,-0.992188
20,-0.726563,-0.992188
21,-0.726563,-0.992188
19,-0.726563,-0.992188
20,-0.726563,-0.992188
20,-0.726563,-0.992188
20,-0.726563,-0.945313
20,-0.726563,-0.765625
21,-0.726563,-0.062500
20,-0.734375,-0.062500
19,-0.734375,-0.062500
20,-0.734375,-0.062500
21,-0.734375,-0.062500
19,-0.734375,-0.062500
20,-0.734375,-0.062500
21,-0.734375,-0.062500
20,-0.734375,-0.062500
19,-0.750000,-0.054688
20,-0.750000,-0.054688
20,-0.742188,-0.070313
20,-0.742188,-0.078125
20,-0.742188,-0.078125
20,-0.742188,-0.078125
20,-0.742188,-0.078125
21,-0.742188,-0.078125
19,-0.742188,-0.078125
20,-0.742188,-0.078125
21,-0.742188,-0.078125
20,-0.750000,-0.078125
19,-0.750000,-0.078125
20,-0.757813,-0.078125
20,-0.773438,-0.078125
21,-0.835938,-0.085938
19,-0.882813,-0.132813
20,-0.929688,-0.218750
20,-1.000000,-0.421875
20,-1.000000,-0.609375
20,-1.000000,-0.726563
20,-1.000000,-0.812500
20,-1.000000,-0.929688
21,-1.000000,-0.992188
20,-1.000000,-1.000000
20,-1.000000,-0.992188
19,-1.000000,-0.992188
20,-1.000000,-0.992188
20,-1.000000,-0.992188
20,-1.000000,-0.992188
20,-1.000000,-0.992188
20,-1.000000,-0.992188
20,-1.000000,-0.992188
20,-1.000000,-0.992188
20,-1.000000,-0.992188
20,-1.000000,-0.992188
20,-0.992188,-0.992188
21,-0.898438,-0.992188
19,-0.882813,-0.984375
20,-0.882813,-0.929688
20,-0.882813,-0.882813
21,-0.882813,-0.867188
19,-0.882813,-0.828125
20,-0.882813,-0.679688
20,-0.882813,-0.390625
20,-0.882813,-0.054688
21,-0.882813,-0.054688
19,-0.882813,-0.054688
20,-0.882813,-0.054688
20,-0.882813,-0.054688
20,-0.882813,-0.054688
20,-0.882813,-0.054688
21,-0.882813,-0.054688
19,-0.882813,-0.054688
21,-0.882813,-0.054688
19,-0.882813,-0.054688
20,-0.882813,-0.054688
20,-0.882813,-0.054688
21,-0.882813,-0.062500
19,-0.882813,-0.085938
21,-0.882813,-0.125000
20,-0.882813,-0.421875
19,-0.882813,-0.851563
20,-0.882813,-0.984375
21,-0.882813,-0.984375
19,-0.882813,-0.984375
20,-0.882813,-0.976563
20,-0.882813,-0.976563
20,-0.882813,-0.976563
20,-0.882813,-0.976563
20,-0.882813,-0.976563
20,-0.882813,-0.976563
20,-0.882813,-0.976563
20,-0.882813,-0.976563
21,-0.882813,-0.976563
19,-0.882813,-0.976563
20,-0.882813,-0.976563
20,-0.882813,-0.976563
20,-0.882813,-0.976563
20,-0.882813,-0.976563
20,-0.882813,-0.976563
21,-0.882813,-0.976563
19,-0.882813,-0.976563
20,-0.882813,-0.976563
21,-0.882813,-0.976563
19,-0.882813,-0.984375
21,-0.882813,-0.929688
20,-0.882813,-0.070313
19,-0.882813,-0.046875
20,-0.882813,-0.046875
20,-0.882813,-0.046875
20,-0.882813,-0.046875
20,-0.882813,-0.046875
21,-0.882813,-0.046875
19,-0.882813,-0.046875
20,-0.882813,-0.046875
21,-0.882813,-0.046875
19,-0.882813,-0.046875
21,-0.882813,-0.054688
20,-0.882813,-0.062500
19,-0.882813,-0.070313
20,-0.882813,-0.085938
21,-0.882813,-0.164063
19,-0.882813,-0.421875
21,-0.882813,-0.789063
20,-0.882813,-0.984375
19,-0.882813,-0.984375
20,-0.882813,-0.984375
20,-0.882813,-0.976563
20,-0.882813,-0.976563
20,-0.882813,-0.976563
20,-0.882813,-0.976563
21,-0.882813,-0.976563
19,-0.882813,-0.976563
21,-0.882813,-0.976563
22,-0.882813,-0.976563
20,-0.882813,-0.937500
17,-0.882813,-0.593750
20,-0.882813,-0.117188
20,-0.875000,-0.062500
20,-0.875000,-0.062500
21,-0.875000,-0.062500
19,-0.882813,-0.062500
20,-0.882813,-0.125000
21,-0.882813,-0.320313
19,-0.882813,-0.601563
20,-0.882813,-0.835938
21,-0.882813,-0.945313
19,-0.882813,-0.984375
20,-0.882813,-0.984375
21,-0.882813,-0.898438
20,-0.882813,-0.898438
19,-0.882813,-0.398438
21,-0.882813,-0.062500
19,-0.882813,-0.062500
20,-0.882813,-0.062500
21,-0.882813,-0.062500
19,-0.882813,-0.062500
20,-0.882813,-0.062500
21,-0.882813,-0.062500
19,-0.882813,-0.062500
20,-0.882813,-0.109375
20,-0.882813,-0.343750
20,-0.882813,-0.710938
20,-0.882813,-0.984375
20,-0.882813,-0.984375
20,-0.882813,-0.984375
21,-0.882813,-0.984375
20,-0.882813,-0.984375
19,-0.882813,-0.984375
21,-0.882813,-0.937500
19,-0.882813,-0.695313
20,-0.882813,-0.046875
20,-0.882813,-0.054688
20,-0.882813,-0.054688
20,-0.882813,-0.054688
20,-0.882813,-0.054688
21,-0.882813,-0.070313
19,-0.882813,-0.101563
21,-0.882813,-0.296875
19,-0.882813,-0.781250
20,-0.882813,-1.000000
20,-0.882813,-1.000000
20,-0.882813,-1.000000
20,-0.882813,-1.000000
20,-0.882813,-1.000000
21,-0.882813,-1.000000
19,-0.882813,-1.000000
21,-0.882813,-1.000000
20,-0.882813,-1.000000
19,-0.882813,-1.000000
20,-0.882813,-1.000000
21,-0.882813,-1.000000
19,-0.882813,-1.000000
20,-0.882813,-1.000000
20,-0.882813,-1.000000
20,-0.882813,-1.000000
21,-0.882813,-1.000000
19,-0.882813,-1.000000
20,-0.882813,-0.921875
20,-0.882813,-0.679688
20,-0.882813,-0.609375
20,-0.882813,-0.578125
21,-0.882813,-0.578125
19,-0.882813,-0.570313
20,-0.882813,-0.546875
21,-0.882813,-0.546875
19,-0.882813,-0.593750
20,-0.882813,-0.742188
20,-0.882813,-0.867188
20,-0.882813,-0.960938
20,-0.882813,-0.960938
21,-0.882813,-0.953125
19,-0.882813,-0.781250
20,-0.882813,-0.070313
20,-0.875000,-0.054688
20,-0.882813,0.094488
20,-0.875000,0.251969
20,-0.882813,0.370079
20,-0.882813,0.488189
21,-0.875000,0.590551
19,-0.875000,0.637795
20,-0.875000,0.661417
20,-0.875000,0.661417
20,-0.882813,0.669291
20,-0.875000,0.661417
21,-0.875000,0.606299
19,-0.875000,0.472441
20,-0.875000,0.330709
20,-0.875000,0.157480
20,-0.875000,0.007874
21,-0.875000,0.007874
19,-0.875000,0.007874
20,-0.875000,0.007874
20,-0.875000,0.007874
20,-0.875000,0.007874
20,-0.875000,0.007874
21,-0.875000,0.007874
19,-0.875000,0.007874
20,-0.875000,0.062992
21,-0.875000,0.220472
19,-0.875000,0.488189
20,-0.875000,0.779528
20,-0.875000,0.968504
20,-0.875000,0.968504
20,-0.875000,0.968504
20,-0.875000,0.968504
20,-0.875000,0.968504
20,-0.875000,0.968504
21,-0.875000,0.968504
19,-0.875000,0.968504
20,-0.875000,0.968504
21,-0.875000,0.968504
19,-0.875000,0.968504
20,-0.875000,0.968504
20,-0.875000,0.968504
21,-0.875000,0.968504
19,-0.875000,0.968504
20,-0.875000,0.968504
20,-0.875000,0.968504
20,-0.875000,0.968504
20,-0.875000,0.952756
20,-0.875000,0.952756
20,-0.875000,0.952756
20,-0.875000,0.952756
20,-0.875000,0.937008
20,-0.875000,0.850394
21,-0.875000,0.629921
19,-0.875000,0.385827
20,-0.875000,-0.054688
20,-0.875000,-0.054688
21,-0.867188,-0.054688
19,-0.867188,-0.054688
20,-0.867188,-0.054688
20,-0.867188,-0.054688
20,-0.851563,-0.117188
20,-0.851563,-0.234375
20,-0.851563,-0.375000
20,-0.843750,-0.570313
20,-0.835938,-0.679688
20,-0.835938,-0.695313
20,-0.835938,-0.695313
21,-0.835938,-0.671875
19,-0.828125,-0.460938
20,-0.828125,-0.304688
20,-0.835938,-0.054688
21,-0.835938,-0.054688
19,-0.835938,-0.054688
20,-0.835938,-0.054688
21,-0.835938,-0.054688
19,-0.835938,-0.054688
20,-0.835938,-0.054688
20,-0.835938,-0.054688
20,-0.835938,-0.054688
20,-0.835938,-0.054688
21,-0.835938,-0.054688
19,-0.835938,-0.054688
21,-0.835938,-0.054688
19,-0.835938,-0.054688
20,-0.835938,-0.054688
21,-0.835938,-0.007813
20,-0.835938,0.031496
19,-0.835938,0.244094
20,-0.835938,0.472441
20,-0.835938,0.519685
20,-0.835938,0.527559
21,-0.835938,0.527559
19,-0.835938,0.527559
20,-0.835938,0.527559
21,-0.835938,0.527559
19,-0.835938,0.401575
20,-0.835938,0.212598
20,-0.835938,0.133858
20,-0.835938,0.133858
20,-0.828125,0.141732
21,-0.796875,0.133858
19,-0.757813,0.102362
21,-0.648438,0.094488
20,-0.492188,0.094488
19,-0.492188,0.094488
20,-0.367188,0.094488
20,-0.179688,0.094488
20,0.000000,0.094488
21,0.000000,0.086614
20,0.000000,0.039370
19,0.000000,0.039370
22,0.000000,0.039370
19,0.000000,0.039370
20,0.000000,0.039370
21,0.000000,0.039370
18,0.000000,0.039370
20,0.000000,0.039370
20,0.000000,0.039370
20,0.000000,0.039370
20,0.000000,0.007874
20,0.000000,-0.046875
21,0.000000,-0.101563
19,0.000000,-0.109375
20,0.000000,-0.109375
21,0.000000,-0.109375
20,0.000000,-0.109375
19,0.000000,-0.109375
21,0.000000,-0.109375
19,0.000000,-0.109375
20,0.000000,-0.117188
20,0.000000,-0.117188
20,0.000000,-0.117188
20,0.000000,-0.117188
21,0.000000,-0.117188
20,0.000000,-0.117188
19,0.000000,-0.117188
20,0.000000,-0.117188
20,0.000000,-0.117188
20,0.000000,-0.117188
21,0.000000,-0.117188
19,0.000000,-0.117188
20,0.000000,-0.117188
20,0.000000,-0.117188
20,0.000000,-0.117188
20,0.000000,-0.117188
20,0.000000,-0.117188
20,0.000000,-0.117188
20,0.000000,-0.117188
20,0.000000,-0.117188
20,0.000000,-0.117188
20,0.000000,-0.117188
21,0.000000,-0.117188
19,0.000000,-0.117188
20,0.000000,-0.117188
20,0.000000,-0.117188
20,0.000000,-0.117188
